2 2 781.08 \pm 4.99
2 3 749.89 \pm 3.58
2 4 752.43 \pm 3.43
2 5 748.28 \pm 3.46
2 6 749.09 \pm 3.42
2 7 751.22 \pm 3.47
2 8 749.06 \pm 3.42
2 9 753.89 \pm 3.58
2 10 749.75 \pm 3.56
2 11 750.87 \pm 3.49
2 12 750.22 \pm 3.57
3 3 704.02 \pm 1.73
3 4 705.49 \pm 1.75
3 5 706.84 \pm 1.69
3 6 706.50 \pm 1.78
3 7 705.45 \pm 1.68
3 8 705.42 \pm 1.70
3 9 706.25 \pm 1.69
3 10 706.54 \pm 1.69
3 11 706.08 \pm 1.62
3 12 705.98 \pm 1.70
4 4 707.55 \pm 1.63
4 5 707.93 \pm 1.59
4 6 707.22 \pm 1.60
4 7 706.95 \pm 1.58
4 8 707.50 \pm 1.66
4 9 708.45 \pm 1.65
4 10 707.32 \pm 1.63
4 11 707.85 \pm 1.66
4 12 709.15 \pm 1.62
5 5 708.55 \pm 1.65
5 6 707.70 \pm 1.61
5 7 708.97 \pm 1.61
5 8 707.65 \pm 1.65
5 9 706.33 \pm 1.59
5 10 707.45 \pm 1.66
5 11 707.84 \pm 1.68
5 12 705.78 \pm 1.57
6 6 706.69 \pm 1.59
6 7 706.74 \pm 1.61
6 8 706.55 \pm 1.66
6 9 706.21 \pm 1.60
6 10 707.41 \pm 1.57
6 11 707.38 \pm 1.62
6 12 707.28 \pm 1.66
7 7 707.64 \pm 1.61
7 8 708.29 \pm 1.56
7 9 707.38 \pm 1.60
7 10 708.17 \pm 1.60
7 11 705.95 \pm 1.58
7 12 708.60 \pm 1.58
8 8 707.48 \pm 1.63
8 9 707.15 \pm 1.59
8 10 706.82 \pm 1.66
8 11 707.60 \pm 1.61
8 12 706.73 \pm 1.61
9 9 706.91 \pm 1.64
9 10 708.12 \pm 1.64
9 11 706.56 \pm 1.57
9 12 707.28 \pm 1.60
10 10 708.33 \pm 1.62
10 11 707.54 \pm 1.58
10 12 707.88 \pm 1.61
11 11 707.23 \pm 1.63
11 12 707.18 \pm 1.62
12 12 708.22 \pm 1.60
